# Midnight quest IDs discovered from Wowhead JS-rendered quest/search/filter pages.
# Generated by tools/discover_midnight_quest_ids.py
# Filters: 88000 <= quest ID <= 99999
# One quest ID per line. Blank lines and # comments are ignored.

88018
88051
88052
88137
88185
88400
88404
88565
88652
88655
88656
88657
88658
88659
88660
88661
88662
88663
88664
88665
88666
88667
88668
88669
88670
88671
88672
88696
88697
88704
88705
88706
88709
88710
88711
88719
88723
88744
88745
88746
88769
88806
88818
88851
88870
88871
88872
88873
88874
88875
88876
88877
88878
88879
88880
88881
88903
88904
88916
88919
88920
88928
88930
88941
88942
88945
88947
88974
88975
88976
88980
88981
88985
88986
88987
88988
88989
88993
88994
88995
88996
88997
88998
88999
89012
89034
89035
89056
89057
89061
89062
89063
89065
89100
89115
89119
89128
89159
89160
89161
89165
89192
89193
89194
89195
89196
89197
89198
89199
89200
89201
89202
89203
89204
89205
89206
89207
89208
89209
89210
89212
89213
89221
89229
89230
89231
89233
89234
89235
89238
89240
89242
89250
89253
89254
89261
89268
89271
89274
89289
89293
89294
89295
89297
89310
89319
89323
89324
89325
89326
89327
89328
89329
89331
89334
89343
89344
89345
89348
89380
89383
89388
89402
89414
89434
89474
89490
89493
89494
89496
89503
89505
89506
89507
89513
89544
89553
89554
89557
89559
89560
89561
89562
89563
89565
89567
89573
89590
89608
89649
89916
89919
89921
89947
89977
90061
90069
90081
90094
90095
90103
90122
90123
90124
90125
90127
90215
90362
90383
90467
90468
90469
90470
90474
90481
90482
90483
90484
90485
90486
90517
90533
90534
90535
90537
90540
90545
90546
90547
90556
90568
90569
90573
90574
90576
90601
90602
90615
90616
90617
90619
90620
90621
90622
90646
90659
90661
90663
90667
90669
90690
90698
90705
90718
90719
90724
90729
90731
90733
90734
90735
90736
90737
90738
90739
90740
90741
90742
90743
90744
90745
90748
90749
90761
90765
90769
90770
90772
90773
90776
90777
90778
90779
90782
90818
90819
90821
90822
90824
90826
90827
90829
90830
90831
90832
90833
90834
90835
90837
90861
90862
90866
90867
90871
90875
90876
90889
90907
90914
90923
90924
90938
90957
90958
90959
90960
90961
90962
90963
90968
90969
90970
90971
90972
90995
91001
91009
91026
91030
91031
91033
91035
91039
91040
91044
91062
91063
91065
91069
91070
91071
91084
91085
91086
91087
91088
91089
91093
91096
91108
91117
91136
91138
91140
91142
91173
91197
91202
91206
91270
91271
91274
91277
91281
91284
91292
91301
91314
91346
91359
91360
91361
91375
91376
91377
91378
91379
91381
91386
91389
91390
91398
91399
91400
91401
91402
91403
91404
91405
91406
91407
91408
91409
91410
91411
91412
91413
91417
91419
91420
91450
91451
91452
91539
91546
91550
91551
91552
91553
91556
91563
91585
91586
91587
91588
91589
91606
91614
91615
91616
91618
91619
91620
91621
91624
91627
91628
91629
91630
91693
91694
91695
91722
91728
91747
91748
91749
91750
91763
91780
91781
91782
91786
91787
91796
91798
91799
91800
91801
91802
91803
91804
91805
91806
91808
91810
91811
91813
91822
91827
91828
91829
91830
91831
91833
91835
91836
91837
91838
91839
91840
91854
91855
91864
91868
91871
91872
91873
91874
91875
91876
91918
91927
91930
91933
91958
91966
91967
91970
91980
91982
91990
91998
92010
92012
92013
92025
92028
92034
92061
92084
92105
92120
92123
92136
92159
92162
92163
92164
92165
92166
92167
92177
92178
92179
92180
92181
92182
92319
92320
92321
92322
92323
92324
92325
92326
92327
92331
92332
92385
92386
92396
92398
92405
92408
92418
92437
92448
92450
92451
92452
92453
92492
92493
92495
92496
92497
92499
92505
92507
92512
92520
92531
92554
92572
92577
92581
92600
92616
92617
92618
92630
92631
92632
92647
92650
92678
92689
92694
92695
92696
92697
92713
92715
92716
92719
92720
92721
92722
92724
92725
92728
92729
92732
92736
92737
92738
92739
92740
92826
92829
92831
92832
92839
92845
92848
92855
92864
92865
92866
92868
92869
92870
92875
92882
92883
92884
92885
92890
92891
92892
92895
92897
92899
92900
92901
92904
92905
92906
92907
92916
92926
92949
92950
92951
92952
92953
92954
92955
92958
92961
92962
92963
92964
92965
92966
92967
92968
92969
92970
92971
92972
92973
92974
92975
92976
92977
92978
92979
92980
92981
92982
92983
92984
92985
92986
92987
92988
92989
92990
92991
92992
92993
92994
92995
92996
92997
92998
92999
93000
93001
93002
93003
93004
93005
93006
93007
93008
93009
93010
93011
93012
93047
93048
93049
93050
93051
93057
93073
93074
93075
93077
93078
93079
93080
93081
93082
93083
93084
93085
93086
93087
93088
93091
93093
93094
93095
93096
93097
93098
93099
93100
93101
93102
93103
93104
93105
93106
93107
93108
93109
93110
93111
93115
93131
93132
93133
93134
93135
93136
93137
93138
93139
93140
93141
93142
93143
93147
93148
93149
93150
93151
93152
93171
93178
93179
93180
93181
93182
93257
93258
93259
93260
93261
93270
93271
93272
93273
93274
93276
93277
93278
93279
93280
93281
93282
93283
93284
93285
93286
93287
93288
93289
93290
93291
93292
93293
93294
93295
93296
93297
93301
93302
93303
93304
93305
93306
93307
93308
93309
93310
93311
93312
93313
93365
93368
93369
93370
93371
93372
93373
93374
93375
93376
93377
93378
93379
93384
93385
93386
93409
93410
93416
93421
93423
93424
93425
93426
93427
93428
93432
93433
93435
93436
93437
93438
93440
93453
93478
93499
93501
93502
93503
93504
93505
93506
93511
93519
93520
93522
93525
93544
93569
93573
93586
93593
93595
93598
93599
93600
93605
93611
93612
93614
93628
93640
93647
93651
93667
93687
93690
93691
93692
93693
93694
93695
93696
93697
93698
93699
93700
93701
93702
93703
93704
93705
93706
93707
93708
93709
93710
93711
93712
93713
93714
93716
93717
93719
93723
93724
93726
93727
93728
93729
93730
93731
93734
93745
93751
93752
93753
93754
93755
93756
93757
93758
93766
93767
93769
93771
93774
93775
93776
93782
93783
93784
93792
93816
93830
93870
93889
93890
93891
93892
93898
93899
93900
93901
93902
93907
93909
93910
93911
93912
93913
93924
93929
93930
93931
93932
93933
93942
93943
93945
93963
93965
93969
93979
93999
94005
94012
94057
94125
94265
94269
94271
94272
94275
94298
94361
94368
94380
94381
94382
94383
94385
94386
94393
94396
94417
94418
94424
94425
94430
94432
94446
94457
94464
94474
94528
94529
94530
94531
94602
94622
94623
94625
94637
94652
94671
94677
94714
94734
94735
94743
94756
94783
94784
94785
94786
94787
94790
94794
94808
94809
94811
94812
94834
94835
94836
94837
94838
94839
94840
94847
94850
94865
94866
94867
94868
94869
94870
94871
94878
94880
94882
94883
94909
94910
94920
94933
94957
94964
94981
94993
95008
95061
95069
95070
95071
95114
95158
95220
95221
95222
95224
95225
95229
95230
95232
95233
95235
95236
95237
95238
95239
95241
95242
95245
95252
95259
95268
95269
95271
95276
95324
95373
95391
95392
95393
95394
95395
95396
95397
95398
95399
95400
95401
95402
95403
95404
95406
95407
95408
95409
95410
95411
95412
95413
95416
95438
95440
95468
95482
95547
95548
95549
95550
95551
95552
95553
95554
95572
95675
95679
95706
95748
95785
95795
95815
95835
95842
95843
95916
95933
95941
96000
96004
96048
96049
96051
96052
96053
96054
96066
96080
96114
96115
96116
96117
96118
96120
96122
96123
96124
96167
96223
96224
96225
96226
96227
96228
96229
96230
96231
96232
96233
96238
96242
96245
96268
96295
96310
96314
96338
96382
96388
96389
96400
96410
96433
96440
96441
96442
96443
96444
96446
96466
96472
96473
96474
96475
96480
96496
96497
96498
96499
96500
96501
96502
96503
96504
96505
96506
96507
96508
96509
96510
96522
96525
96532
96534
96535
96557
96567
96569
96570
96572
96573
96574
96575
96578
96591
96611
96612
96614
96615
96617
96618
96668
96695
96699
96703
96708
96709
96713
96714
96717
96718
96726
96727
96728
96729
96730
96731
96732
96744
96745
96746
96747
96751
96773
96775
96801
96809
96831
96845
96852
96906
96915
96926
96933
96936
96941
96942
96983
97006
97031
97034
97036
97037
97071
97072
97077
97083
97084
97085
97086
97087
97090
97133
97215
97256
97365
97367
97473
97528
97546
97582
97606
97709
97712
97739
97805
97909
97918
97940
97947
97956
98003
98091
98174
98196
98199
98218
98226
98230
98231
98234
98277
98278
98279
98349
98389
98403
98432
98477
98478
98563
98599
98688
98820
99009
99203
99252
99299
99320
99344
99475
99478
99487
99541
99550
99555
99598
99763
99923
99924
